gen     nevals  avg             std             min             max
0       210     0.0127565       0.0200582       0.000442265     0.151467
1       132     0.0094584       0.0189973       0.000442265     0.128222
2       111     0.00846728      0.0209212       0.000442265     0.128218
3       127     0.00986492      0.0260798       0.000442265     0.151541
4       111     0.00597404      0.016808        0.000442265     0.151575
5       123     0.00897424      0.0260105       0.000394735     0.146362
6       132     0.00705713      0.021153        0.000392464     0.128223
7       127     0.0052582       0.0136644       0.000227229     0.128227
8       118     0.00756777      0.0235488       0.000227229     0.151557
9       109     0.00914757      0.0262779       0.000227229     0.151592
10      147     0.00784741      0.0219654       0.000227229     0.128226
11      114     0.00783833      0.0237195       0.000207773     0.151157
12      121     0.0107643       0.0304584       0.000207773     0.151561
13      118     0.00928152      0.0281718       0.000207773     0.151535
14      129     0.00661026      0.0219525       0.000207773     0.151525
15      120     0.00914231      0.0274137       0.000159555     0.128224
16      117     0.0069872       0.0245047       0.000159555     0.151597
17      133     0.00310791      0.00997832      6.4662e-05      0.128217
18      124     0.00823452      0.0272293       6.4662e-05      0.151559
19      142     0.00798717      0.0252345       5.20176e-05     0.148346
20      125     0.00572413      0.0203133       5.20176e-05     0.150348
21      131     0.00539491      0.020074        6.4662e-05      0.142915
22      157     0.00770775      0.022608        6.4662e-05      0.128223
23      130     0.0064773       0.0228311       6.4662e-05      0.12822
24      126     0.00437309      0.0154193       6.4662e-05      0.128224
25      120     0.0083687       0.0270154       6.4662e-05      0.151442
26      112     0.0046083       0.0176933       6.4662e-05      0.12822
27      121     0.00586386      0.0221141       6.4662e-05      0.151584
28      112     0.00613755      0.0233754       6.4662e-05      0.151597
29      116     0.00534275      0.0204401       6.4662e-05      0.149682
30      125     0.00478287      0.0177953       6.4662e-05      0.128222
31      123     0.00505637      0.0174621       6.4662e-05      0.148811
32      123     0.00498571      0.0179254       6.4662e-05      0.128224
33      120     0.00562981      0.0214499       6.4662e-05      0.128219
34      124     0.00331589      0.010204        6.4662e-05      0.128208
35      120     0.00581388      0.0213452       6.4662e-05      0.128225
36      118     0.00689008      0.0242584       6.4662e-05      0.151556
37      128     0.0056488       0.021453        6.4662e-05      0.128225
38      107     0.00350582      0.01549         6.4662e-05      0.128224
39      141     0.00684146      0.0233292       6.4662e-05      0.151515
40      137     0.00424724      0.0133285       6.4662e-05      0.12821 
----GA begin running----

Best Individual =  [3, 30, 29, 5, 14, 13, 5, 26]
Best Fitness =  (6.466196003072713e-05,)