gen     nevals  avg             std             min             max
0       510     0.0146987       0.0261985       0.00136704      0.151587
1       304     0.0106116       0.0231309       0.00033385      0.151563
2       293     0.00770984      0.0197357       0.0006458       0.151109
3       323     0.00793688      0.022278        0.000221156     0.151586
4       314     0.00683114      0.0199965       0.000221156     0.150475
5       310     0.00940997      0.026822        0.000153158     0.15154
6       312     0.00573529      0.0183404       0.000216358     0.14751
7       300     0.0058437       0.0185444       0.000158342     0.151583
8       298     0.0067479       0.0212996       0.000158342     0.151108
9       319     0.00694806      0.021865        0.000216358     0.151577
10      299     0.00616765      0.0221054       0.000212964     0.151556
11      298     0.00557378      0.0203446       0.000154415     0.151582
12      283     0.00540921      0.0197813       0.000118707     0.128224
13      297     0.00642266      0.0235945       0.000147433     0.151554
14      296     0.0053369       0.0198956       0.000143194     0.150592
15      294     0.00478986      0.0189045       0.000143194     0.128225
16      324     0.00719777      0.0250383       0.000143194     0.151583
17      314     0.00681252      0.0241416       0.000143194     0.15156
18      298     0.00397605      0.0163221       0.000121375     0.151547
19      313     0.00422705      0.0160131       0.000121375     0.15129
20      296     0.00518384      0.0203774       9.45315e-05     0.151583
21      314     0.00601233      0.0219976       5.99875e-05     0.151558
22      288     0.00430607      0.0170416       5.99875e-05     0.128218
23      283     0.00424612      0.0174674       5.99875e-05     0.151538
24      305     0.00334919      0.0128778       2.99729e-05     0.12822
25      314     0.00440887      0.0181736       2.99729e-05     0.151255
26      321     0.00501883      0.0199831       2.99729e-05     0.150175
27      302     0.0047437       0.0190899       2.99729e-05     0.151573
28      307     0.00588324      0.0220165       2.99729e-05     0.147576
29      331     0.00643712      0.0230184       2.99729e-05     0.151558
30      304     0.0053777       0.0208231       2.99729e-05     0.14995
31      281     0.00563389      0.0210599       2.99729e-05     0.151457
32      292     0.00426405      0.0169297       2.99729e-05     0.128219
33      316     0.00750697      0.0261233       2.99729e-05     0.151226
34      296     0.00511396      0.020312        2.99729e-05     0.151558
35      308     0.00664415      0.0236416       2.99729e-05     0.150718
36      291     0.00636173      0.0240425       2.99729e-05     0.1516
37      281     0.00589339      0.0220731       2.99729e-05     0.1516
38      297     0.00475002      0.0194499       2.99729e-05     0.151597
39      307     0.00359674      0.0150794       2.99729e-05     0.128216
40      306     0.00541999      0.0209612       2.99729e-05     0.150474
41      330     0.00664396      0.0238019       2.99729e-05     0.151598
42      305     0.0054994       0.0215527       2.99729e-05     0.151563
43      310     0.00583263      0.0217651       2.99729e-05     0.151549
44      291     0.00554738      0.0221893       2.99729e-05     0.151529
45      295     0.00741574      0.0269713       2.99729e-05     0.151572
46      289     0.00575403      0.0222944       2.99729e-05     0.151502
47      303     0.00672433      0.0246453       2.99729e-05     0.151577
48      319     0.00534124      0.0205503       2.99729e-05     0.151431
49      308     0.00413403      0.0167559       2.99729e-05     0.151545
50      304     0.00448221      0.017702        2.99729e-05     0.151486
51      319     0.00573373      0.0219449       2.99729e-05     0.151474
52      321     0.00558673      0.0204997       2.99729e-05     0.128224
53      285     0.00339669      0.0145934       2.99729e-05     0.151524
54      340     0.00468748      0.0182304       2.99729e-05     0.131512
55      316     0.0069951       0.0250228       2.99729e-05     0.151298
56      301     0.0080033       0.0270162       2.99729e-05     0.151553
57      308     0.0045161       0.0187759       2.99729e-05     0.128223
58      297     0.00638277      0.0234068       2.99729e-05     0.15158 
59      307     0.00506923      0.0201828       2.99729e-05     0.151559
60      318     0.00532118      0.0209883       2.99729e-05     0.151562
61      298     0.00634048      0.0236865       2.99729e-05     0.15239 
62      297     0.00585691      0.0227888       2.99729e-05     0.151579
63      287     0.00624449      0.0234306       2.99729e-05     0.151543
64      289     0.00511628      0.0198681       2.99729e-05     0.15157 
65      318     0.00515615      0.0201492       2.99729e-05     0.15156 
66      295     0.0053853       0.0214315       2.99729e-05     0.149603
67      293     0.00546966      0.0219086       2.99729e-05     0.151415
68      289     0.00331097      0.0143488       2.99729e-05     0.151562
69      306     0.00456314      0.0185409       2.99729e-05     0.151567
70      302     0.00486603      0.0190681       2.99729e-05     0.128223
71      317     0.00760476      0.0271093       2.99729e-05     0.151485
72      286     0.00596841      0.0227824       2.99729e-05     0.151546
73      276     0.00450789      0.0183803       2.99729e-05     0.151405
74      306     0.00645659      0.0230614       2.99729e-05     0.151473
75      303     0.00458036      0.018566        2.99729e-05     0.151248
76      312     0.00581571      0.0218465       2.99729e-05     0.156382
77      301     0.00526495      0.021417        2.99729e-05     0.151557
78      300     0.0043521       0.0186448       2.99729e-05     0.128224
79      311     0.00482255      0.0181081       2.99729e-05     0.151404
80      324     0.00577604      0.0218538       2.99729e-05     0.150845
----GA begin running----

Best Individual =  [7, 13, 7, 5, 14, 17, 29, 31]
Best Fitness =  (2.9972861690501823e-05,)